2 10 0.000001 100000
4 10 0.000001 100000
6 10 0.000001 100000
8 10 0.000001 100000
10 10 0.000001 100000
12 10 0.000001 100000
14 10 0.000001 100000
16 10 0.000001 100000
18 10 0.000001 100000
20 10 0.000001 100000
2 25 0.000001 100000
4 25 0.000001 100000
6 25 0.000001 100000
8 25 0.000001 100000
10 25 0.000001 100000
12 25 0.000001 100000
14 25 0.000001 100000
16 25 0.000001 100000
18 25 0.000001 100000
20 25 0.000001 100000
2 50 0.000001 100000
4 50 0.000001 100000
6 50 0.000001 100000
8 50 0.000001 100000
10 50 0.000001 100000
12 50 0.000001 100000
14 50 0.000001 100000
16 50 0.000001 100000
18 50 0.000001 100000
20 50 0.000001 100000
25 50 0.000001 100000
50 50 0.000001 100000
75 50 0.000001 100000
