1 100 100 10
2 100 100 10
3 100 100 10
4 100 100 10
5 100 100 10
6 100 100 10
7 100 100 10
8 100 100 10
9 100 100 10
10 100 100 10
11 100 100 10
12 100 100 10
13 100 100 10
14 100 100 10
15 100 100 10
16 100 100 10
17 100 100 10
18 100 100 10
19 100 100 10
20 100 100 10
21 100 100 10
22 100 100 10
23 100 100 10
24 100 100 10
25 100 100 10
26 100 100 10
27 100 100 10
28 100 100 10
29 100 100 10
30 100 100 10
31 100 100 10
32 100 100 10
33 100 100 10
34 100 100 10
35 100 100 10
36 100 100 10
37 100 100 10
38 100 100 10
39 100 100 10
40 100 100 10
41 100 100 10
42 100 100 10
43 100 100 10
44 100 100 10
45 100 100 10
46 100 100 10
47 100 100 10
48 100 100 10
49 100 100 10
50 100 100 10
1 1000 100 10
2 1000 100 10
3 1000 100 10
4 1000 100 10
5 1000 100 10
6 1000 100 10
7 1000 100 10
8 1000 100 10
9 1000 100 10
10 1000 100 10
11 1000 100 10
12 1000 100 10
13 1000 100 10
14 1000 100 10
15 1000 100 10
16 1000 100 10
17 1000 100 10
18 1000 100 10
19 1000 100 10
20 1000 100 10
21 1000 100 10
22 1000 100 10
23 1000 100 10
24 1000 100 10
25 1000 100 10
26 1000 100 10
27 1000 100 10
28 1000 100 10
29 1000 100 10
30 1000 100 10
31 1000 100 10
32 1000 100 10
33 1000 100 10
34 1000 100 10
35 1000 100 10
36 1000 100 10
37 1000 100 10
38 1000 100 10
39 1000 100 10
40 1000 100 10
41 1000 100 10
42 1000 100 10
43 1000 100 10
44 1000 100 10
45 1000 100 10
46 1000 100 10
47 1000 100 10
48 1000 100 10
49 1000 100 10
50 1000 100 10
1 100 1000 10
2 100 1000 10
3 100 1000 10
4 100 1000 10
5 100 1000 10
6 100 1000 10
7 100 1000 10
8 100 1000 10
9 100 1000 10
10 100 1000 10
11 100 1000 10
12 100 1000 10
13 100 1000 10
14 100 1000 10
15 100 1000 10
16 100 1000 10
17 100 1000 10
18 100 1000 10
19 100 1000 10
20 100 1000 10
21 100 1000 10
22 100 1000 10
23 100 1000 10
24 100 1000 10
25 100 1000 10
26 100 1000 10
27 100 1000 10
28 100 1000 10
29 100 1000 10
30 100 1000 10
31 100 1000 10
32 100 1000 10
33 100 1000 10
34 100 1000 10
35 100 1000 10
36 100 1000 10
37 100 1000 10
38 100 1000 10
39 100 1000 10
40 100 1000 10
41 100 1000 10
42 100 1000 10
43 100 1000 10
44 100 1000 10
45 100 1000 10
46 100 1000 10
47 100 1000 10
48 100 1000 10
49 100 1000 10
50 100 1000 10
1 1000 1000 10
2 1000 1000 10
3 1000 1000 10
4 1000 1000 10
5 1000 1000 10
6 1000 1000 10
7 1000 1000 10
8 1000 1000 10
9 1000 1000 10
10 1000 1000 10
11 1000 1000 10
12 1000 1000 10
13 1000 1000 10
14 1000 1000 10
15 1000 1000 10
16 1000 1000 10
17 1000 1000 10
18 1000 1000 10
19 1000 1000 10
20 1000 1000 10
21 1000 1000 10
22 1000 1000 10
23 1000 1000 10
24 1000 1000 10
25 1000 1000 10
26 1000 1000 10
27 1000 1000 10
28 1000 1000 10
29 1000 1000 10
30 1000 1000 10
31 1000 1000 10
32 1000 1000 10
33 1000 1000 10
34 1000 1000 10
35 1000 1000 10
36 1000 1000 10
37 1000 1000 10
38 1000 1000 10
39 1000 1000 10
40 1000 1000 10
41 1000 1000 10
42 1000 1000 10
43 1000 1000 10
44 1000 1000 10
45 1000 1000 10
46 1000 1000 10
47 1000 1000 10
48 1000 1000 10
49 1000 1000 10
50 1000 1000 10
1 100 10000 10
2 100 10000 10
3 100 10000 10
4 100 10000 10
5 100 10000 10
6 100 10000 10
7 100 10000 10
8 100 10000 10
9 100 10000 10
10 100 10000 10
11 100 10000 10
12 100 10000 10
13 100 10000 10
14 100 10000 10
15 100 10000 10
16 100 10000 10
17 100 10000 10
18 100 10000 10
19 100 10000 10
20 100 10000 10
21 100 10000 10
22 100 10000 10
23 100 10000 10
24 100 10000 10
25 100 10000 10
26 100 10000 10
27 100 10000 10
28 100 10000 10
29 100 10000 10
30 100 10000 10
31 100 10000 10
32 100 10000 10
33 100 10000 10
34 100 10000 10
35 100 10000 10
36 100 10000 10
37 100 10000 10
38 100 10000 10
39 100 10000 10
40 100 10000 10
41 100 10000 10
42 100 10000 10
43 100 10000 10
44 100 10000 10
45 100 10000 10
46 100 10000 10
47 100 10000 10
48 100 10000 10
49 100 10000 10
50 100 10000 10
1 1000 10000 10
2 1000 10000 10
3 1000 10000 10
4 1000 10000 10
5 1000 10000 10
6 1000 10000 10
7 1000 10000 10
8 1000 10000 10
9 1000 10000 10
10 1000 10000 10
11 1000 10000 10
12 1000 10000 10
13 1000 10000 10
14 1000 10000 10
15 1000 10000 10
16 1000 10000 10
17 1000 10000 10
18 1000 10000 10
19 1000 10000 10
20 1000 10000 10
21 1000 10000 10
22 1000 10000 10
23 1000 10000 10
24 1000 10000 10
25 1000 10000 10
26 1000 10000 10
27 1000 10000 10
28 1000 10000 10
29 1000 10000 10
30 1000 10000 10
31 1000 10000 10
32 1000 10000 10
33 1000 10000 10
34 1000 10000 10
35 1000 10000 10
36 1000 10000 10
37 1000 10000 10
38 1000 10000 10
39 1000 10000 10
40 1000 10000 10
41 1000 10000 10
42 1000 10000 10
43 1000 10000 10
44 1000 10000 10
45 1000 10000 10
46 1000 10000 10
47 1000 10000 10
48 1000 10000 10
49 1000 10000 10
50 1000 10000 10
1 100 100 100
2 100 100 100
3 100 100 100
4 100 100 100
5 100 100 100
6 100 100 100
7 100 100 100
8 100 100 100
9 100 100 100
10 100 100 100
11 100 100 100
12 100 100 100
13 100 100 100
14 100 100 100
15 100 100 100
16 100 100 100
17 100 100 100
18 100 100 100
19 100 100 100
20 100 100 100
21 100 100 100
22 100 100 100
23 100 100 100
24 100 100 100
25 100 100 100
26 100 100 100
27 100 100 100
28 100 100 100
29 100 100 100
30 100 100 100
31 100 100 100
32 100 100 100
33 100 100 100
34 100 100 100
35 100 100 100
36 100 100 100
37 100 100 100
38 100 100 100
39 100 100 100
40 100 100 100
41 100 100 100
42 100 100 100
43 100 100 100
44 100 100 100
45 100 100 100
46 100 100 100
47 100 100 100
48 100 100 100
49 100 100 100
50 100 100 100
1 1000 100 100
2 1000 100 100
3 1000 100 100
4 1000 100 100
5 1000 100 100
6 1000 100 100
7 1000 100 100
8 1000 100 100
9 1000 100 100
10 1000 100 100
11 1000 100 100
12 1000 100 100
13 1000 100 100
14 1000 100 100
15 1000 100 100
16 1000 100 100
17 1000 100 100
18 1000 100 100
19 1000 100 100
20 1000 100 100
21 1000 100 100
22 1000 100 100
23 1000 100 100
24 1000 100 100
25 1000 100 100
26 1000 100 100
27 1000 100 100
28 1000 100 100
29 1000 100 100
30 1000 100 100
31 1000 100 100
32 1000 100 100
33 1000 100 100
34 1000 100 100
35 1000 100 100
36 1000 100 100
37 1000 100 100
38 1000 100 100
39 1000 100 100
40 1000 100 100
41 1000 100 100
42 1000 100 100
43 1000 100 100
44 1000 100 100
45 1000 100 100
46 1000 100 100
47 1000 100 100
48 1000 100 100
49 1000 100 100
50 1000 100 100
1 100 1000 100
2 100 1000 100
3 100 1000 100
4 100 1000 100
5 100 1000 100
6 100 1000 100
7 100 1000 100
8 100 1000 100
9 100 1000 100
10 100 1000 100
11 100 1000 100
12 100 1000 100
13 100 1000 100
14 100 1000 100
15 100 1000 100
16 100 1000 100
17 100 1000 100
18 100 1000 100
19 100 1000 100
20 100 1000 100
21 100 1000 100
22 100 1000 100
23 100 1000 100
24 100 1000 100
25 100 1000 100
26 100 1000 100
27 100 1000 100
28 100 1000 100
29 100 1000 100
30 100 1000 100
31 100 1000 100
32 100 1000 100
33 100 1000 100
34 100 1000 100
35 100 1000 100
36 100 1000 100
37 100 1000 100
38 100 1000 100
39 100 1000 100
40 100 1000 100
41 100 1000 100
42 100 1000 100
43 100 1000 100
44 100 1000 100
45 100 1000 100
46 100 1000 100
47 100 1000 100
48 100 1000 100
49 100 1000 100
50 100 1000 100
1 1000 1000 100
2 1000 1000 100
3 1000 1000 100
4 1000 1000 100
5 1000 1000 100
6 1000 1000 100
7 1000 1000 100
8 1000 1000 100
9 1000 1000 100
10 1000 1000 100
11 1000 1000 100
12 1000 1000 100
13 1000 1000 100
14 1000 1000 100
15 1000 1000 100
16 1000 1000 100
17 1000 1000 100
18 1000 1000 100
19 1000 1000 100
20 1000 1000 100
21 1000 1000 100
22 1000 1000 100
23 1000 1000 100
24 1000 1000 100
25 1000 1000 100
26 1000 1000 100
27 1000 1000 100
28 1000 1000 100
29 1000 1000 100
30 1000 1000 100
31 1000 1000 100
32 1000 1000 100
33 1000 1000 100
34 1000 1000 100
35 1000 1000 100
36 1000 1000 100
37 1000 1000 100
38 1000 1000 100
39 1000 1000 100
40 1000 1000 100
41 1000 1000 100
42 1000 1000 100
43 1000 1000 100
44 1000 1000 100
45 1000 1000 100
46 1000 1000 100
47 1000 1000 100
48 1000 1000 100
49 1000 1000 100
50 1000 1000 100
1 100 10000 100
2 100 10000 100
3 100 10000 100
4 100 10000 100
5 100 10000 100
6 100 10000 100
7 100 10000 100
8 100 10000 100
9 100 10000 100
10 100 10000 100
11 100 10000 100
12 100 10000 100
13 100 10000 100
14 100 10000 100
15 100 10000 100
16 100 10000 100
17 100 10000 100
18 100 10000 100
19 100 10000 100
20 100 10000 100
21 100 10000 100
22 100 10000 100
23 100 10000 100
24 100 10000 100
25 100 10000 100
26 100 10000 100
27 100 10000 100
28 100 10000 100
29 100 10000 100
30 100 10000 100
31 100 10000 100
32 100 10000 100
33 100 10000 100
34 100 10000 100
35 100 10000 100
36 100 10000 100
37 100 10000 100
38 100 10000 100
39 100 10000 100
40 100 10000 100
41 100 10000 100
42 100 10000 100
43 100 10000 100
44 100 10000 100
45 100 10000 100
46 100 10000 100
47 100 10000 100
48 100 10000 100
49 100 10000 100
50 100 10000 100
1 1000 10000 100
2 1000 10000 100
3 1000 10000 100
4 1000 10000 100
5 1000 10000 100
6 1000 10000 100
7 1000 10000 100
8 1000 10000 100
9 1000 10000 100
10 1000 10000 100
11 1000 10000 100
12 1000 10000 100
13 1000 10000 100
14 1000 10000 100
15 1000 10000 100
16 1000 10000 100
17 1000 10000 100
18 1000 10000 100
19 1000 10000 100
20 1000 10000 100
21 1000 10000 100
22 1000 10000 100
23 1000 10000 100
24 1000 10000 100
25 1000 10000 100
26 1000 10000 100
27 1000 10000 100
28 1000 10000 100
29 1000 10000 100
30 1000 10000 100
31 1000 10000 100
32 1000 10000 100
33 1000 10000 100
34 1000 10000 100
35 1000 10000 100
36 1000 10000 100
37 1000 10000 100
38 1000 10000 100
39 1000 10000 100
40 1000 10000 100
41 1000 10000 100
42 1000 10000 100
43 1000 10000 100
44 1000 10000 100
45 1000 10000 100
46 1000 10000 100
47 1000 10000 100
48 1000 10000 100
49 1000 10000 100
50 1000 10000 100
